第1条最短路径,步数为10
  12    0    0    0 
   2   10    0    0 
   2    7    0    3 
   2    1    6    3 
   5    1    6    0 
   5    0    6    1 
  11    0    0    1 
   1   10    0    1 
   1    4    6    1 
   1    4    4    3 
   4    4    4    0 

第2条最短路径,步数为10
  12    0    0    0 
   2   10    0    0 
   2    7    0    3 
   5    7    0    0 
   5    1    6    0 
  11    1    0    0 
  11    0    0    1 
   1   10    0    1 
   1    4    6    1 
   1    4    4    3 
   4    4    4    0 

第3条最短路径,步数为10
  12    0    0    0 
   2   10    0    0 
   2    4    6    0 
   2    1    6    3 
   5    1    6    0 
   5    0    6    1 
  11    0    0    1 
   1   10    0    1 
   1    4    6    1 
   1    4    4    3 
   4    4    4    0 

第4条最短路径,步数为10
  12    0    0    0 
   2   10    0    0 
   2    4    6    0 
   2    1    6    3 
   5    1    6    0 
   5    0    6    1 
   5    6    0    1 
   1   10    0    1 
   1    4    6    1 
   1    4    4    3 
   4    4    4    0 

第5条最短路径,步数为10
  12    0    0    0 
   2   10    0    0 
   2    4    6    0 
   8    4    0    0 
   8    1    0    3 
  11    1    0    0 
  11    0    0    1 
   1   10    0    1 
   1    4    6    1 
   1    4    4    3 
   4    4    4    0 

第6条最短路径,步数为10
  12    0    0    0 
   2   10    0    0 
   2    7    0    3 
   2    1    6    3 
   5    1    6    0 
  11    1    0    0 
  11    0    0    1 
   1   10    0    1 
   1    4    6    1 
   1    4    4    3 
   4    4    4    0 

第7条最短路径,步数为10
  12    0    0    0 
   2   10    0    0 
   2    7    0    3 
   2    1    6    3 
   5    1    6    0 
   5    0    6    1 
   5    6    0    1 
   1   10    0    1 
   1    4    6    1 
   1    4    4    3 
   4    4    4    0 

第8条最短路径,步数为10
  12    0    0    0 
   2   10    0    0 
   2    7    0    3 
   5    7    0    0 
   5    1    6    0 
   5    0    6    1 
  11    0    0    1 
   1   10    0    1 
   1    4    6    1 
   1    4    4    3 
   4    4    4    0 

第9条最短路径,步数为10
  12    0    0    0 
   2   10    0    0 
   2    7    0    3 
   5    7    0    0 
   5    1    6    0 
   5    0    6    1 
   5    6    0    1 
   1   10    0    1 
   1    4    6    1 
   1    4    4    3 
   4    4    4    0 

第10条最短路径,步数为10
  12    0    0    0 
   2   10    0    0 
   2    4    6    0 
   2    1    6    3 
   5    1    6    0 
  11    1    0    0 
  11    0    0    1 
   1   10    0    1 
   1    4    6    1 
   1    4    4    3 
   4    4    4    0 

第11条最短路径,步数为10
  12    0    0    0 
   2   10    0    0 
   2    4    6    0 
   2    1    6    3 
   8    1    0    3 
  11    1    0    0 
  11    0    0    1 
   1   10    0    1 
   1    4    6    1 
   1    4    4    3 
   4    4    4    0 

第12条最短路径,步数为10
  12    0    0    0 
   2   10    0    0 
   2    7    0    3 
   2    1    6    3 
   8    1    0    3 
  11    1    0    0 
  11    0    0    1 
   1   10    0    1 
   1    4    6    1 
   1    4    4    3 
   4    4    4    0 

