  12    0    0 
   4    8    0 


  12    0    0 
   7    0    5 
   0    7    5 


  12    0    0 
   7    0    5 
   7    5    0 
   4    8    0 


  12    0    0 
   7    0    5 
   7    5    0 
   2    5    5 
   0    7    5 


  12    0    0 
   7    0    5 
   7    5    0 
   2    5    5 
   2    8    2 
   0    8    4 


  12    0    0 
   7    0    5 
   7    5    0 
   2    5    5 
   2    8    2 
  10    0    2 


  12    0    0 
   7    0    5 
   7    5    0 
   2    5    5 
   2    8    2 
   4    8    0 
   0    8    4 


  12    0    0 
   7    0    5 
   7    5    0 
   2    5    5 
   2    8    2 
   4    8    0 
   4    3    5 
   0    7    5 


  12    0    0 
   7    0    5 
   7    5    0 
   2    5    5 
   2    8    2 
   4    8    0 
   4    3    5 
   9    3    0 
   9    0    3 
   1    8    3 
   0    8    4 


  12    0    0 
   7    0    5 
   7    5    0 
   2    5    5 
   2    8    2 
   4    8    0 
   4    3    5 
   9    3    0 
   9    0    3 
   1    8    3 
   1    6    5 
   0    7    5 


  12    0    0 
   7    0    5 
   7    5    0 
   2    5    5 
   2    8    2 
   4    8    0 
   4    3    5 
   9    3    0 
   9    0    3 
   1    8    3 
   1    6    5 
   6    6    0 
   6    1    5 
   0    7    5 


  12    0    0 
   7    0    5 
   7    5    0 
   2    5    5 
   2    8    2 
   4    8    0 
   4    3    5 
   9    3    0 
   9    0    3 
   1    8    3 
   1    6    5 
   6    6    0 
   6    1    5 
  11    1    0 
  11    0    1 
   3    8    1 
   0    8    4 


  12    0    0 
   7    0    5 
   7    5    0 
   2    5    5 
   2    8    2 
   4    8    0 
   4    3    5 
   9    3    0 
   9    0    3 
   1    8    3 
   1    6    5 
   6    6    0 
   6    1    5 
  11    1    0 
  11    0    1 
   3    8    1 
   3    4    5 
   0    7    5 


  12    0    0 
   7    0    5 
   7    5    0 
   2    5    5 
   2    8    2 
   4    8    0 
   4    3    5 
   9    3    0 
   9    0    3 
   1    8    3 
   1    6    5 
   6    6    0 
   6    1    5 
  11    1    0 
  11    0    1 
   3    8    1 
   3    4    5 
   8    4    0 


