第1条完成路径
步数为16
  12    0    0 
   7    0    5 
   0    7    5 
   5    7    0 
   4    8    0 
   0    8    4 
   8    0    4 
   8    4    0 
   3    4    5 
   3    8    1 
  11    0    1 
  11    1    0 
   6    1    5 
   6    6    0 
   1    6    5 
   1    8    3 
   9    0    3 


第2条完成路径
步数为17
  12    0    0 
   4    8    0 
   4    3    5 
   0    7    5 
   7    0    5 
   7    5    0 
   2    5    5 
   2    8    2 
   0    8    4 
   8    0    4 
   8    4    0 
   3    4    5 
   3    8    1 
  11    0    1 
  11    1    0 
   6    1    5 
   6    6    0 
   1    6    5 


第3条完成路径
步数为18
  12    0    0 
   7    0    5 
   7    5    0 
   2    5    5 
   0    7    5 
   5    7    0 
   4    8    0 
   0    8    4 
   8    0    4 
   8    4    0 
   3    4    5 
   3    8    1 
  11    0    1 
  11    1    0 
   6    1    5 
   6    6    0 
   1    6    5 
   1    8    3 
   9    0    3 


第4条完成路径
步数为17
  12    0    0 
   7    0    5 
   0    7    5 
   0    8    4 
   8    0    4 
   8    4    0 
   4    8    0 
   4    3    5 
   9    3    0 
   9    0    3 
   1    8    3 
   1    6    5 
   6    6    0 
   6    1    5 
  11    1    0 
  11    0    1 
   3    8    1 
   3    4    5 


第5条完成路径
步数为17
  12    0    0 
   4    8    0 
   4    3    5 
   7    0    5 
   0    7    5 
   0    8    4 
   8    0    4 
   8    4    0 
   3    4    5 
   3    8    1 
  11    0    1 
  11    1    0 
   6    1    5 
   6    6    0 
   1    6    5 
   1    8    3 
   9    0    3 
   9    3    0 


第6条完成路径
步数为19
  12    0    0 
   7    0    5 
   7    5    0 
   2    5    5 
   0    7    5 
   0    8    4 
   8    0    4 
   8    4    0 
   4    8    0 
   4    3    5 
   9    3    0 
   9    0    3 
   1    8    3 
   1    6    5 
   6    6    0 
   6    1    5 
  11    1    0 
  11    0    1 
   3    8    1 
   3    4    5 


第7条完成路径
步数为17
  12    0    0 
   7    0    5 
   0    7    5 
   0    8    4 
   4    8    0 
   4    3    5 
   9    3    0 
   9    0    3 
   1    8    3 
   1    6    5 
   6    6    0 
   6    1    5 
  11    1    0 
  11    0    1 
   3    8    1 
   3    4    5 
   8    4    0 
   8    0    4 


第8条完成路径
步数为19
  12    0    0 
   7    0    5 
   7    5    0 
   2    5    5 
   0    7    5 
   0    8    4 
   4    8    0 
   4    3    5 
   9    3    0 
   9    0    3 
   1    8    3 
   1    6    5 
   6    6    0 
   6    1    5 
  11    1    0 
  11    0    1 
   3    8    1 
   3    4    5 
   8    4    0 
   8    0    4 


第9条完成路径
步数为17
  12    0    0 
   7    0    5 
   0    7    5 
   5    7    0 
   5    2    5 
  10    2    0 
   4    8    0 
   0    8    4 
   8    0    4 
   8    4    0 
   3    4    5 
   3    8    1 
  11    0    1 
  11    1    0 
   6    1    5 
   6    6    0 
   1    6    5 
   1    8    3 


第10条完成路径
步数为19
  12    0    0 
   7    0    5 
   7    5    0 
   2    5    5 
   0    7    5 
   5    7    0 
   5    2    5 
  10    2    0 
   4    8    0 
   0    8    4 
   8    0    4 
   8    4    0 
   3    4    5 
   3    8    1 
  11    0    1 
  11    1    0 
   6    1    5 
   6    6    0 
   1    6    5 
   1    8    3 


第11条完成路径
步数为19
  12    0    0 
   4    8    0 
   4    3    5 
   7    0    5 
   7    5    0 
   2    5    5 
   0    7    5 
   0    8    4 
   8    0    4 
   8    4    0 
   3    4    5 
   3    8    1 
  11    0    1 
  11    1    0 
   6    1    5 
   6    6    0 
   1    6    5 
   1    8    3 
   9    0    3 
   9    3    0 


第12条完成路径
步数为19
  12    0    0 
   7    0    5 
   7    5    0 
   2    5    5 
   2    8    2 
   0    8    4 
   0    7    5 
   5    7    0 
   4    8    0 
   4    3    5 
   9    3    0 
   9    0    3 
   1    8    3 
   1    6    5 
   6    6    0 
   6    1    5 
  11    1    0 
  11    0    1 
   3    8    1 
   3    4    5 


第13条完成路径
步数为18
  12    0    0 
   7    0    5 
   7    5    0 
   4    8    0 
   4    3    5 
   0    7    5 
   0    8    4 
   8    0    4 
   8    4    0 
   3    4    5 
   3    8    1 
  11    0    1 
  11    1    0 
   6    1    5 
   6    6    0 
   1    6    5 
   1    8    3 
   9    0    3 
   9    3    0 


第14条完成路径
步数为17
  12    0    0 
   4    8    0 
   4    3    5 
   9    3    0 
   9    0    3 
   7    0    5 
   0    7    5 
   0    8    4 
   8    0    4 
   8    4    0 
   3    4    5 
   3    8    1 
  11    0    1 
  11    1    0 
   6    1    5 
   6    6    0 
   1    6    5 
   1    8    3 


第15条完成路径
步数为20
  12    0    0 
   7    0    5 
   7    5    0 
   2    5    5 
   2    8    2 
  10    0    2 
  10    2    0 
   5    2    5 
   0    7    5 
   5    7    0 
   4    8    0 
   0    8    4 
   8    0    4 
   8    4    0 
   3    4    5 
   3    8    1 
  11    0    1 
  11    1    0 
   6    1    5 
   6    6    0 
   1    6    5 


第16条完成路径
步数为20
  12    0    0 
   4    8    0 
   4    3    5 
   9    3    0 
   9    0    3 
   1    8    3 
   1    6    5 
   6    6    0 
   6    1    5 
   0    7    5 
   7    0    5 
   7    5    0 
   2    5    5 
   2    8    2 
   0    8    4 
   8    0    4 
   8    4    0 
   3    4    5 
   3    8    1 
  11    0    1 
  11    1    0 


第17条完成路径
步数为21
  12    0    0 
   7    0    5 
   7    5    0 
   2    5    5 
   2    8    2 
  10    0    2 
  10    2    0 
   5    2    5 
   5    7    0 
   0    7    5 
   0    8    4 
   8    0    4 
   8    4    0 
   4    8    0 
   4    3    5 
   9    3    0 
   9    0    3 
   1    8    3 
   1    6    5 
   6    6    0 
   6    1    5 
  11    1    0 


第18条完成路径
步数为17
  12    0    0 
   7    0    5 
   0    7    5 
   0    8    4 
   8    0    4 
   8    4    0 
   3    4    5 
   3    8    1 
  11    0    1 
  11    1    0 
   4    8    0 
   4    3    5 
   9    3    0 
   9    0    3 
   1    8    3 
   1    6    5 
   6    6    0 
   6    1    5 


第19条完成路径
步数为19
  12    0    0 
   7    0    5 
   7    5    0 
   2    5    5 
   0    7    5 
   0    8    4 
   8    0    4 
   8    4    0 
   3    4    5 
   3    8    1 
  11    0    1 
  11    1    0 
   4    8    0 
   4    3    5 
   9    3    0 
   9    0    3 
   1    8    3 
   1    6    5 
   6    6    0 
   6    1    5 


第20条完成路径
步数为19
  12    0    0 
   4    8    0 
   4    3    5 
   9    3    0 
   9    0    3 
   7    0    5 
   7    5    0 
   2    5    5 
   0    7    5 
   0    8    4 
   8    0    4 
   8    4    0 
   3    4    5 
   3    8    1 
  11    0    1 
  11    1    0 
   6    1    5 
   6    6    0 
   1    6    5 
   1    8    3 


第21条完成路径
步数为22
  12    0    0 
   4    8    0 
   4    3    5 
   7    0    5 
   7    5    0 
   2    5    5 
   2    8    2 
  10    0    2 
  10    2    0 
   5    2    5 
   5    7    0 
   0    7    5 
   0    8    4 
   8    0    4 
   8    4    0 
   3    4    5 
   3    8    1 
  11    0    1 
  11    1    0 
   6    1    5 
   6    6    0 
   1    6    5 
   1    8    3 


第22条完成路径
步数为20
  12    0    0 
   7    0    5 
   7    5    0 
   2    5    5 
   2    8    2 
   4    8    0 
   4    3    5 
   0    7    5 
   0    8    4 
   8    0    4 
   8    4    0 
   3    4    5 
   3    8    1 
  11    0    1 
  11    1    0 
   6    1    5 
   6    6    0 
   1    6    5 
   1    8    3 
   9    0    3 
   9    3    0 


第23条完成路径
步数为18
  12    0    0 
   7    0    5 
   0    7    5 
   5    7    0 
   5    2    5 
  10    2    0 
  10    0    2 
   2    8    2 
   0    8    4 
   8    0    4 
   8    4    0 
   4    8    0 
   4    3    5 
   9    3    0 
   9    0    3 
   1    8    3 
   1    6    5 
   6    6    0 
   6    1    5 


第24条完成路径
步数为20
  12    0    0 
   7    0    5 
   7    5    0 
   2    5    5 
   0    7    5 
   5    7    0 
   5    2    5 
  10    2    0 
  10    0    2 
   2    8    2 
   0    8    4 
   8    0    4 
   8    4    0 
   4    8    0 
   4    3    5 
   9    3    0 
   9    0    3 
   1    8    3 
   1    6    5 
   6    6    0 
   6    1    5 


第25条完成路径
步数为20
  12    0    0 
   7    0    5 
   7    5    0 
   2    5    5 
   2    8    2 
   0    8    4 
   0    7    5 
   5    7    0 
   5    2    5 
  10    2    0 
   4    8    0 
   4    3    5 
   9    3    0 
   9    0    3 
   1    8    3 
   1    6    5 
   6    6    0 
   6    1    5 
  11    1    0 
  11    0    1 
   3    8    1 


第26条完成路径
步数为21
  12    0    0 
   7    0    5 
   7    5    0 
   2    5    5 
   2    8    2 
  10    0    2 
  10    2    0 
   5    2    5 
   0    7    5 
   0    8    4 
   8    0    4 
   8    4    0 
   4    8    0 
   4    3    5 
   9    3    0 
   9    0    3 
   1    8    3 
   1    6    5 
   6    6    0 
   6    1    5 
  11    1    0 
  11    0    1 


第27条完成路径
步数为17
  12    0    0 
   4    8    0 
   4    3    5 
   9    3    0 
   9    0    3 
   1    8    3 
   1    6    5 
   7    0    5 
   0    7    5 
   0    8    4 
   8    0    4 
   8    4    0 
   3    4    5 
   3    8    1 
  11    0    1 
  11    1    0 
   6    1    5 
   6    6    0 


第28条完成路径
步数为22
  12    0    0 
   7    0    5 
   7    5    0 
   2    5    5 
   2    8    2 
  10    0    2 
  10    2    0 
   5    2    5 
   5    7    0 
   4    8    0 
   4    3    5 
   0    7    5 
   0    8    4 
   8    0    4 
   8    4    0 
   3    4    5 
   3    8    1 
  11    0    1 
  11    1    0 
   6    1    5 
   6    6    0 
   1    6    5 
   1    8    3 


第29条完成路径
步数为21
  12    0    0 
   7    0    5 
   7    5    0 
   4    8    0 
   4    3    5 
   9    3    0 
   9    0    3 
   1    8    3 
   1    6    5 
   6    6    0 
   6    1    5 
   0    7    5 
   5    7    0 
   5    2    5 
  10    2    0 
  10    0    2 
   2    8    2 
   0    8    4 
   8    0    4 
   8    4    0 
   3    4    5 
   3    8    1 


第30条完成路径
步数为22
  12    0    0 
   7    0    5 
   7    5    0 
   2    5    5 
   2    8    2 
  10    0    2 
  10    2    0 
   5    2    5 
   0    7    5 
   0    8    4 
   4    8    0 
   4    3    5 
   9    3    0 
   9    0    3 
   1    8    3 
   1    6    5 
   6    6    0 
   6    1    5 
  11    1    0 
  11    0    1 
   3    8    1 
   3    4    5 
   8    4    0 


第31条完成路径
步数为19
  12    0    0 
   7    0    5 
   7    5    0 
   2    5    5 
   2    8    2 
   0    8    4 
   8    0    4 
   8    4    0 
   3    4    5 
   0    7    5 
   5    7    0 
   4    8    0 
   4    3    5 
   9    3    0 
   9    0    3 
   1    8    3 
   1    6    5 
   6    6    0 
   6    1    5 
  11    1    0 


第32条完成路径
步数为22
  12    0    0 
   4    8    0 
   4    3    5 
   7    0    5 
   7    5    0 
   2    5    5 
   2    8    2 
  10    0    2 
  10    2    0 
   5    2    5 
   0    7    5 
   0    8    4 
   8    0    4 
   8    4    0 
   3    4    5 
   3    8    1 
  11    0    1 
  11    1    0 
   6    1    5 
   6    6    0 
   1    6    5 
   1    8    3 
   9    0    3 


第33条完成路径
步数为23
  12    0    0 
   4    8    0 
   4    3    5 
   9    3    0 
   9    0    3 
   7    0    5 
   7    5    0 
   2    5    5 
   2    8    2 
  10    0    2 
  10    2    0 
   5    2    5 
   5    7    0 
   0    7    5 
   0    8    4 
   8    0    4 
   8    4    0 
   3    4    5 
   3    8    1 
  11    0    1 
  11    1    0 
   6    1    5 
   6    6    0 
   1    6    5 


第34条完成路径
步数为19
  12    0    0 
   4    8    0 
   4    3    5 
   9    3    0 
   9    0    3 
   1    8    3 
   1    6    5 
   7    0    5 
   7    5    0 
   2    5    5 
   0    7    5 
   0    8    4 
   8    0    4 
   8    4    0 
   3    4    5 
   3    8    1 
  11    0    1 
  11    1    0 
   6    1    5 
   6    6    0 


第35条完成路径
步数为22
  12    0    0 
   7    0    5 
   7    5    0 
   2    5    5 
   2    8    2 
  10    0    2 
  10    2    0 
   5    2    5 
   5    7    0 
   0    7    5 
   0    8    4 
   4    8    0 
   4    3    5 
   9    3    0 
   9    0    3 
   1    8    3 
   1    6    5 
   6    6    0 
   6    1    5 
  11    1    0 
  11    0    1 
   3    8    1 
   3    4    5 


第36条完成路径
步数为17
  12    0    0 
   7    0    5 
   0    7    5 
   0    8    4 
   8    0    4 
   8    4    0 
   3    4    5 
   3    8    1 
   4    8    0 
   4    3    5 
   9    3    0 
   9    0    3 
   1    8    3 
   1    6    5 
   6    6    0 
   6    1    5 
  11    1    0 
  11    0    1 


第37条完成路径
步数为19
  12    0    0 
   7    0    5 
   7    5    0 
   2    5    5 
   0    7    5 
   0    8    4 
   8    0    4 
   8    4    0 
   3    4    5 
   3    8    1 
   4    8    0 
   4    3    5 
   9    3    0 
   9    0    3 
   1    8    3 
   1    6    5 
   6    6    0 
   6    1    5 
  11    1    0 
  11    0    1 


第38条完成路径
步数为21
  12    0    0 
   7    0    5 
   7    5    0 
   2    5    5 
   2    8    2 
  10    0    2 
  10    2    0 
   4    8    0 
   4    3    5 
   0    7    5 
   0    8    4 
   8    0    4 
   8    4    0 
   3    4    5 
   3    8    1 
  11    0    1 
  11    1    0 
   6    1    5 
   6    6    0 
   1    6    5 
   1    8    3 
   9    0    3 


第39条完成路径
步数为18
  12    0    0 
   7    0    5 
   7    5    0 
   4    8    0 
   4    3    5 
   9    3    0 
   9    0    3 
   1    8    3 
   1    6    5 
   0    7    5 
   0    8    4 
   8    0    4 
   8    4    0 
   3    4    5 
   3    8    1 
  11    0    1 
  11    1    0 
   6    1    5 
   6    6    0 


第40条完成路径
步数为19
  12    0    0 
   7    0    5 
   0    7    5 
   5    7    0 
   5    2    5 
  10    2    0 
  10    0    2 
   2    8    2 
   4    8    0 
   0    8    4 
   8    0    4 
   8    4    0 
   3    4    5 
   3    8    1 
  11    0    1 
  11    1    0 
   6    1    5 
   6    6    0 
   1    6    5 
   1    8    3 


第41条完成路径
步数为21
  12    0    0 
   7    0    5 
   7    5    0 
   2    5    5 
   0    7    5 
   5    7    0 
   5    2    5 
  10    2    0 
  10    0    2 
   2    8    2 
   4    8    0 
   0    8    4 
   8    0    4 
   8    4    0 
   3    4    5 
   3    8    1 
  11    0    1 
  11    1    0 
   6    1    5 
   6    6    0 
   1    6    5 
   1    8    3 


第42条完成路径
步数为17
  12    0    0 
   7    0    5 
   7    5    0 
   2    5    5 
   2    8    2 
   4    8    0 
   4    3    5 
   9    3    0 
   9    0    3 
   1    8    3 
   1    6    5 
   6    6    0 
   6    1    5 
   0    7    5 
   5    7    0 
   5    2    5 
  10    2    0 
  10    0    2 


第43条完成路径
步数为23
  12    0    0 
   4    8    0 
   4    3    5 
   9    3    0 
   9    0    3 
   7    0    5 
   7    5    0 
   2    5    5 
   2    8    2 
  10    0    2 
  10    2    0 
   5    2    5 
   0    7    5 
   0    8    4 
   8    0    4 
   8    4    0 
   3    4    5 
   3    8    1 
  11    0    1 
  11    1    0 
   6    1    5 
   6    6    0 
   1    6    5 
   1    8    3 


第44条完成路径
步数为19
  12    0    0 
   7    0    5 
   0    7    5 
   5    7    0 
   5    2    5 
  10    2    0 
  10    0    2 
   2    8    2 
   0    8    4 
   4    8    0 
   4    3    5 
   9    3    0 
   9    0    3 
   1    8    3 
   1    6    5 
   6    6    0 
   6    1    5 
  11    1    0 
  11    0    1 
   3    8    1 


第45条完成路径
步数为21
  12    0    0 
   7    0    5 
   7    5    0 
   2    5    5 
   0    7    5 
   5    7    0 
   5    2    5 
  10    2    0 
  10    0    2 
   2    8    2 
   0    8    4 
   4    8    0 
   4    3    5 
   9    3    0 
   9    0    3 
   1    8    3 
   1    6    5 
   6    6    0 
   6    1    5 
  11    1    0 
  11    0    1 
   3    8    1 


第46条完成路径
步数为20
  12    0    0 
   7    0    5 
   7    5    0 
   2    5    5 
   2    8    2 
   4    8    0 
   4    3    5 
   9    3    0 
   9    0    3 
   1    8    3 
   1    6    5 
   0    7    5 
   0    8    4 
   8    0    4 
   8    4    0 
   3    4    5 
   3    8    1 
  11    0    1 
  11    1    0 
   6    1    5 
   6    6    0 


第47条完成路径
步数为20
  12    0    0 
   4    8    0 
   0    8    4 
   8    0    4 
   8    4    0 
   3    4    5 
   3    8    1 
  11    0    1 
  11    1    0 
   6    1    5 
   6    6    0 
   1    6    5 
   0    7    5 
   7    0    5 
   7    5    0 
   2    5    5 
   2    8    2 
  10    0    2 
  10    2    0 
   5    2    5 
   5    7    0 


第48条完成路径
步数为21
  12    0    0 
   4    8    0 
   4    3    5 
   0    7    5 
   0    8    4 
   8    0    4 
   8    4    0 
   3    4    5 
   3    8    1 
  11    0    1 
  11    1    0 
   6    1    5 
   6    6    0 
   1    6    5 
   7    0    5 
   7    5    0 
   2    5    5 
   2    8    2 
  10    0    2 
  10    2    0 
   5    2    5 
   5    7    0 


第49条完成路径
步数为17
  12    0    0 
   7    0    5 
   7    5    0 
   2    5    5 
   2    8    2 
  10    0    2 
  10    2    0 
   4    8    0 
   4    3    5 
   9    3    0 
   9    0    3 
   1    8    3 
   1    6    5 
   6    6    0 
   6    1    5 
   0    7    5 
   5    7    0 
   5    2    5 


第50条完成路径
步数为24
  12    0    0 
   7    0    5 
   7    5    0 
   2    5    5 
   2    8    2 
  10    0    2 
  10    2    0 
   5    2    5 
   5    7    0 
   4    8    0 
   4    3    5 
   9    3    0 
   9    0    3 
   1    8    3 
   1    6    5 
   6    6    0 
   6    1    5 
   0    7    5 
   0    8    4 
   8    0    4 
   8    4    0 
   3    4    5 
   3    8    1 
  11    0    1 
  11    1    0 


第51条完成路径
步数为18
  12    0    0 
   7    0    5 
   0    7    5 
   5    7    0 
   4    8    0 
   4    3    5 
   9    3    0 
   9    0    3 
   1    8    3 
   1    6    5 
   6    6    0 
   6    1    5 
  11    1    0 
  11    0    1 
   3    8    1 
   0    8    4 
   8    0    4 
   8    4    0 
   3    4    5 


第52条完成路径
步数为20
  12    0    0 
   7    0    5 
   7    5    0 
   2    5    5 
   0    7    5 
   5    7    0 
   4    8    0 
   4    3    5 
   9    3    0 
   9    0    3 
   1    8    3 
   1    6    5 
   6    6    0 
   6    1    5 
  11    1    0 
  11    0    1 
   3    8    1 
   0    8    4 
   8    0    4 
   8    4    0 
   3    4    5 


第53条完成路径
步数为17
  12    0    0 
   7    0    5 
   0    7    5 
   0    8    4 
   8    0    4 
   8    4    0 
   3    4    5 
   3    8    1 
  11    0    1 
  11    1    0 
   6    1    5 
   6    6    0 
   4    8    0 
   4    3    5 
   9    3    0 
   9    0    3 
   1    8    3 
   1    6    5 


第54条完成路径
步数为19
  12    0    0 
   7    0    5 
   7    5    0 
   2    5    5 
   0    7    5 
   0    8    4 
   8    0    4 
   8    4    0 
   3    4    5 
   3    8    1 
  11    0    1 
  11    1    0 
   6    1    5 
   6    6    0 
   4    8    0 
   4    3    5 
   9    3    0 
   9    0    3 
   1    8    3 
   1    6    5 


第55条完成路径
步数为18
  12    0    0 
   7    0    5 
   7    5    0 
   2    5    5 
   2    8    2 
   0    8    4 
   4    8    0 
   4    3    5 
   9    3    0 
   9    0    3 
   1    8    3 
   1    6    5 
   6    6    0 
   6    1    5 
   0    7    5 
   5    7    0 
   5    2    5 
  10    2    0 
  10    0    2 


第56条完成路径
步数为20
  12    0    0 
   7    0    5 
   7    5    0 
   2    5    5 
   2    8    2 
   0    8    4 
   8    0    4 
   8    4    0 
   3    4    5 
   0    7    5 
   5    7    0 
   5    2    5 
  10    2    0 
   4    8    0 
   4    3    5 
   9    3    0 
   9    0    3 
   1    8    3 
   1    6    5 
   6    6    0 
   6    1    5 


第57条完成路径
步数为23
  12    0    0 
   7    0    5 
   7    5    0 
   2    5    5 
   2    8    2 
  10    0    2 
  10    2    0 
   5    2    5 
   0    7    5 
   0    8    4 
   8    0    4 
   8    4    0 
   3    4    5 
   3    8    1 
   4    8    0 
   4    3    5 
   9    3    0 
   9    0    3 
   1    8    3 
   1    6    5 
   6    6    0 
   6    1    5 
  11    1    0 
  11    0    1 


第58条完成路径
步数为22
  12    0    0 
   7    0    5 
   7    5    0 
   2    5    5 
   2    8    2 
  10    0    2 
  10    2    0 
   4    8    0 
   4    3    5 
   9    3    0 
   9    0    3 
   1    8    3 
   1    6    5 
   0    7    5 
   0    8    4 
   8    0    4 
   8    4    0 
   3    4    5 
   3    8    1 
  11    0    1 
  11    1    0 
   6    1    5 
   6    6    0 


第59条完成路径
步数为20
  12    0    0 
   7    0    5 
   7    5    0 
   2    5    5 
   2    8    2 
   0    8    4 
   8    0    4 
   8    4    0 
   3    4    5 
   3    8    1 
  11    0    1 
  11    1    0 
   6    1    5 
   6    6    0 
   4    8    0 
   4    3    5 
   0    7    5 
   5    7    0 
   5    2    5 
  10    2    0 
  10    0    2 


第60条完成路径
步数为19
  12    0    0 
   7    0    5 
   0    7    5 
   5    7    0 
   5    2    5 
  10    2    0 
   4    8    0 
   4    3    5 
   9    3    0 
   9    0    3 
   1    8    3 
   1    6    5 
   6    6    0 
   6    1    5 
  11    1    0 
  11    0    1 
   3    8    1 
   0    8    4 
   8    0    4 
   8    4    0 


第61条完成路径
步数为21
  12    0    0 
   7    0    5 
   7    5    0 
   2    5    5 
   0    7    5 
   5    7    0 
   5    2    5 
  10    2    0 
   4    8    0 
   4    3    5 
   9    3    0 
   9    0    3 
   1    8    3 
   1    6    5 
   6    6    0 
   6    1    5 
  11    1    0 
  11    0    1 
   3    8    1 
   0    8    4 
   8    0    4 
   8    4    0 


第62条完成路径
步数为21
  12    0    0 
   7    0    5 
   0    7    5 
   5    7    0 
   5    2    5 
  10    2    0 
  10    0    2 
   2    8    2 
   4    8    0 
   4    3    5 
   9    3    0 
   9    0    3 
   1    8    3 
   1    6    5 
   6    6    0 
   6    1    5 
  11    1    0 
  11    0    1 
   3    8    1 
   0    8    4 
   8    0    4 
   8    4    0 


第63条完成路径
步数为23
  12    0    0 
   7    0    5 
   7    5    0 
   2    5    5 
   0    7    5 
   5    7    0 
   5    2    5 
  10    2    0 
  10    0    2 
   2    8    2 
   4    8    0 
   4    3    5 
   9    3    0 
   9    0    3 
   1    8    3 
   1    6    5 
   6    6    0 
   6    1    5 
  11    1    0 
  11    0    1 
   3    8    1 
   0    8    4 
   8    0    4 
   8    4    0 


第64条完成路径
步数为23
  12    0    0 
   7    0    5 
   7    5    0 
   2    5    5 
   2    8    2 
  10    0    2 
  10    2    0 
   5    2    5 
   5    7    0 
   0    7    5 
   0    8    4 
   8    0    4 
   8    4    0 
   3    4    5 
   3    8    1 
   4    8    0 
   4    3    5 
   9    3    0 
   9    0    3 
   1    8    3 
   1    6    5 
   6    6    0 
   6    1    5 
  11    1    0 


第65条完成路径
步数为22
  12    0    0 
   4    8    0 
   4    3    5 
   9    3    0 
   9    0    3 
   1    8    3 
   0    8    4 
   8    0    4 
   8    4    0 
   3    4    5 
   3    8    1 
  11    0    1 
  11    1    0 
   6    1    5 
   6    6    0 
   1    6    5 
   0    7    5 
   7    0    5 
   7    5    0 
   2    5    5 
   2    8    2 
  10    0    2 
  10    2    0 


第66条完成路径
步数为16
  12    0    0 
   4    8    0 
   4    3    5 
   9    3    0 
   9    0    3 
   1    8    3 
   1    6    5 
   0    7    5 
   0    8    4 
   8    0    4 
   8    4    0 
   3    4    5 
   3    8    1 
  11    0    1 
  11    1    0 
   6    1    5 
   6    6    0 


第67条完成路径
步数为19
  12    0    0 
   7    0    5 
   7    5    0 
   4    8    0 
   0    8    4 
   8    0    4 
   8    4    0 
   3    4    5 
   3    8    1 
  11    0    1 
  11    1    0 
   6    1    5 
   6    6    0 
   1    6    5 
   0    7    5 
   5    7    0 
   5    2    5 
  10    2    0 
  10    0    2 
   2    8    2 


第68条完成路径
步数为21
  12    0    0 
   4    8    0 
   4    3    5 
   7    0    5 
   7    5    0 
   2    5    5 
   2    8    2 
   0    8    4 
   8    0    4 
   8    4    0 
   3    4    5 
   3    8    1 
  11    0    1 
  11    1    0 
   6    1    5 
   6    6    0 
   1    6    5 
   0    7    5 
   5    7    0 
   5    2    5 
  10    2    0 
  10    0    2 


第69条完成路径
步数为20
  12    0    0 
   7    0    5 
   7    5    0 
   2    5    5 
   2    8    2 
   4    8    0 
   0    8    4 
   8    0    4 
   8    4    0 
   3    4    5 
   3    8    1 
  11    0    1 
  11    1    0 
   6    1    5 
   6    6    0 
   1    6    5 
   0    7    5 
   5    7    0 
   5    2    5 
  10    2    0 
  10    0    2 


第70条完成路径
步数为22
  12    0    0 
   7    0    5 
   7    5    0 
   2    5    5 
   2    8    2 
  10    0    2 
  10    2    0 
   5    2    5 
   0    7    5 
   5    7    0 
   4    8    0 
   4    3    5 
   9    3    0 
   9    0    3 
   1    8    3 
   1    6    5 
   6    6    0 
   6    1    5 
  11    1    0 
  11    0    1 
   3    8    1 
   0    8    4 
   8    0    4 


第71条完成路径
步数为23
  12    0    0 
   7    0    5 
   7    5    0 
   2    5    5 
   2    8    2 
  10    0    2 
  10    2    0 
   5    2    5 
   0    7    5 
   0    8    4 
   8    0    4 
   8    4    0 
   3    4    5 
   3    8    1 
  11    0    1 
  11    1    0 
   6    1    5 
   6    6    0 
   4    8    0 
   4    3    5 
   9    3    0 
   9    0    3 
   1    8    3 
   1    6    5 


第72条完成路径
步数为20
  12    0    0 
   7    0    5 
   0    7    5 
   5    7    0 
   5    2    5 
  10    2    0 
  10    0    2 
   2    8    2 
   0    8    4 
   8    0    4 
   8    4    0 
   3    4    5 
   3    8    1 
   4    8    0 
   4    3    5 
   9    3    0 
   9    0    3 
   1    8    3 
   1    6    5 
   6    6    0 
   6    1    5 


第73条完成路径
步数为22
  12    0    0 
   7    0    5 
   7    5    0 
   2    5    5 
   0    7    5 
   5    7    0 
   5    2    5 
  10    2    0 
  10    0    2 
   2    8    2 
   0    8    4 
   8    0    4 
   8    4    0 
   3    4    5 
   3    8    1 
   4    8    0 
   4    3    5 
   9    3    0 
   9    0    3 
   1    8    3 
   1    6    5 
   6    6    0 
   6    1    5 


第74条完成路径
步数为20
  12    0    0 
   7    0    5 
   7    5    0 
   2    5    5 
   2    8    2 
   0    8    4 
   8    0    4 
   8    4    0 
   4    8    0 
   4    3    5 
   9    3    0 
   9    0    3 
   1    8    3 
   1    6    5 
   6    6    0 
   6    1    5 
   0    7    5 
   5    7    0 
   5    2    5 
  10    2    0 
  10    0    2 


第75条完成路径
步数为23
  12    0    0 
   4    8    0 
   4    3    5 
   9    3    0 
   9    0    3 
   7    0    5 
   7    5    0 
   2    5    5 
   2    8    2 
   0    8    4 
   8    0    4 
   8    4    0 
   3    4    5 
   3    8    1 
  11    0    1 
  11    1    0 
   6    1    5 
   6    6    0 
   1    6    5 
   0    7    5 
   5    7    0 
   5    2    5 
  10    2    0 
  10    0    2 


第76条完成路径
步数为23
  12    0    0 
   7    0    5 
   7    5    0 
   2    5    5 
   2    8    2 
  10    0    2 
  10    2    0 
   5    2    5 
   5    7    0 
   0    7    5 
   0    8    4 
   8    0    4 
   8    4    0 
   3    4    5 
   3    8    1 
  11    0    1 
  11    1    0 
   6    1    5 
   6    6    0 
   4    8    0 
   4    3    5 
   9    3    0 
   9    0    3 
   1    8    3 


第77条完成路径
步数为21
  12    0    0 
   7    0    5 
   0    7    5 
   5    7    0 
   5    2    5 
  10    2    0 
  10    0    2 
   2    8    2 
   2    5    5 
   7    5    0 
   4    8    0 
   4    3    5 
   9    3    0 
   9    0    3 
   1    8    3 
   1    6    5 
   6    6    0 
   6    1    5 
  11    1    0 
  11    0    1 
   3    8    1 
   0    8    4 


第78条完成路径
步数为22
  12    0    0 
   7    0    5 
   7    5    0 
   2    5    5 
   2    8    2 
   0    8    4 
   8    0    4 
   8    4    0 
   3    4    5 
   3    8    1 
   4    8    0 
   4    3    5 
   9    3    0 
   9    0    3 
   1    8    3 
   1    6    5 
   6    6    0 
   6    1    5 
   0    7    5 
   5    7    0 
   5    2    5 
  10    2    0 
  10    0    2 


第79条完成路径
步数为21
  12    0    0 
   4    8    0 
   4    3    5 
   0    7    5 
   5    7    0 
   5    2    5 
  10    2    0 
  10    0    2 
   2    8    2 
   0    8    4 
   8    0    4 
   8    4    0 
   3    4    5 
   3    8    1 
  11    0    1 
  11    1    0 
   6    1    5 
   6    6    0 
   1    6    5 
   7    0    5 
   7    5    0 
   2    5    5 


第80条完成路径
步数为20
  12    0    0 
   7    0    5 
   7    5    0 
   2    5    5 
   2    8    2 
  10    0    2 
  10    2    0 
   4    8    0 
   0    8    4 
   8    0    4 
   8    4    0 
   3    4    5 
   3    8    1 
  11    0    1 
  11    1    0 
   6    1    5 
   6    6    0 
   1    6    5 
   0    7    5 
   5    7    0 
   5    2    5 


第81条完成路径
步数为21
  12    0    0 
   7    0    5 
   7    5    0 
   4    8    0 
   4    3    5 
   9    3    0 
   9    0    3 
   1    8    3 
   0    8    4 
   8    0    4 
   8    4    0 
   3    4    5 
   3    8    1 
  11    0    1 
  11    1    0 
   6    1    5 
   6    6    0 
   1    6    5 
   0    7    5 
   5    7    0 
   5    2    5 
  10    2    0 


第82条完成路径
步数为20
  12    0    0 
   7    0    5 
   7    5    0 
   2    5    5 
   2    8    2 
  10    0    2 
  10    2    0 
   5    2    5 
   5    7    0 
   4    8    0 
   0    8    4 
   8    0    4 
   8    4    0 
   3    4    5 
   3    8    1 
  11    0    1 
  11    1    0 
   6    1    5 
   6    6    0 
   1    6    5 
   0    7    5 


第83条完成路径
步数为20
  12    0    0 
   7    0    5 
   0    7    5 
   5    7    0 
   5    2    5 
  10    2    0 
  10    0    2 
   2    8    2 
   0    8    4 
   8    0    4 
   8    4    0 
   3    4    5 
   3    8    1 
  11    0    1 
  11    1    0 
   6    1    5 
   6    6    0 
   4    8    0 
   4    3    5 
   9    3    0 
   9    0    3 


第84条完成路径
步数为22
  12    0    0 
   7    0    5 
   7    5    0 
   2    5    5 
   0    7    5 
   5    7    0 
   5    2    5 
  10    2    0 
  10    0    2 
   2    8    2 
   0    8    4 
   8    0    4 
   8    4    0 
   3    4    5 
   3    8    1 
  11    0    1 
  11    1    0 
   6    1    5 
   6    6    0 
   4    8    0 
   4    3    5 
   9    3    0 
   9    0    3 


第85条完成路径
步数为19
  12    0    0 
   4    8    0 
   4    3    5 
   9    3    0 
   9    0    3 
   1    8    3 
   1    6    5 
   7    0    5 
   7    5    0 
   2    5    5 
   2    8    2 
   0    8    4 
   8    0    4 
   8    4    0 
   3    4    5 
   3    8    1 
  11    0    1 
  11    1    0 
   6    1    5 
   6    6    0 


第86条完成路径
步数为22
  12    0    0 
   7    0    5 
   7    5    0 
   2    5    5 
   2    8    2 
   4    8    0 
   4    3    5 
   9    3    0 
   9    0    3 
   1    8    3 
   0    8    4 
   8    0    4 
   8    4    0 
   3    4    5 
   3    8    1 
  11    0    1 
  11    1    0 
   6    1    5 
   6    6    0 
   1    6    5 
   0    7    5 
   5    7    0 
   5    2    5 


第87条完成路径
步数为22
  12    0    0 
   7    0    5 
   7    5    0 
   2    5    5 
   2    8    2 
   0    8    4 
   8    0    4 
   8    4    0 
   3    4    5 
   3    8    1 
  11    0    1 
  11    1    0 
   4    8    0 
   4    3    5 
   9    3    0 
   9    0    3 
   1    8    3 
   1    6    5 
   6    6    0 
   6    1    5 
   0    7    5 
   5    7    0 
   5    2    5 


第88条完成路径
步数为21
  12    0    0 
   4    8    0 
   4    3    5 
   9    3    0 
   9    0    3 
   1    8    3 
   1    6    5 
   0    7    5 
   5    7    0 
   5    2    5 
  10    2    0 
  10    0    2 
   2    8    2 
   0    8    4 
   8    0    4 
   8    4    0 
   3    4    5 
   3    8    1 
  11    0    1 
  11    1    0 
   6    1    5 
   6    6    0 


第89条完成路径
步数为22
  12    0    0 
   7    0    5 
   7    5    0 
   2    5    5 
   2    8    2 
  10    0    2 
  10    2    0 
   4    8    0 
   4    3    5 
   9    3    0 
   9    0    3 
   1    8    3 
   0    8    4 
   8    0    4 
   8    4    0 
   3    4    5 
   3    8    1 
  11    0    1 
  11    1    0 
   6    1    5 
   6    6    0 
   1    6    5 
   0    7    5 


第90条完成路径
步数为24
  12    0    0 
   7    0    5 
   7    5    0 
   2    5    5 
   2    8    2 
  10    0    2 
  10    2    0 
   5    2    5 
   5    7    0 
   4    8    0 
   4    3    5 
   9    3    0 
   9    0    3 
   1    8    3 
   0    8    4 
   8    0    4 
   8    4    0 
   3    4    5 
   3    8    1 
  11    0    1 
  11    1    0 
   6    1    5 
   6    6    0 
   1    6    5 
   0    7    5 


